return_mean:
  default:
    Brax/Humanoid: 6309.04883
    Brax/Pusher: -338.54352
    Brax/Reacher: -57.21268
    Brax/Walker2D: 1657.53419
    MinAtar/Asterix: 17.01563
    MinAtar/Breakout: 69.90625
    MinAtar/Freeway: 61.82031
    MinAtar/SpaceInvaders: 180.875
    Brax/Ant: 7091.34668
    Brax/HalfCheetah: 5049.28662
    Brax/Hopper: 2503.94141
    Craftax/Craftax: 23.217186
    Craftax/Craftax-Classic: 16.857029
  recurrent:
    Brax/Humanoid: 3362.11719
    Brax/Pusher: -4465.79895
    Brax/Reacher: -93.46138
    Brax/Walker2D: 395.156982
    MinAtar/Asterix: 8.64844
    MinAtar/Breakout: 69.75653
    MinAtar/Freeway: 52.61788
    MinAtar/SpaceInvaders: 190.25
    Brax/Ant: 5102.885742
    Brax/HalfCheetah: 4694.89111
    Brax/Hopper: 1439.47388
    Craftax/Craftax-Classic: 17.777344
    Craftax/Craftax: 21.428123
  transformer:
    Brax/Humanoid: 6037.34473
    Brax/Pusher: -393.23895
    Brax/Reacher: -76.182564
    Brax/Walker2D: 1043.490356
    MinAtar/Asterix: 14.30469
    MinAtar/Breakout: 80.80125
    MinAtar/Freeway: 64.55469
    MinAtar/SpaceInvaders: 177.625
    Brax/Ant: 6476.08691
    Brax/HalfCheetah: 5058.80127
    Brax/Hopper: 2051.83618
    Craftax/Craftax-Classic: 16.740623
    Craftax/Craftax: 18.006248
  objective: max
